{
  "parametros": [
    "SensorCA",
    "SensorCL",
    "BendingHecho",
    "enCintaMain",
    "SensorCC"
  ],
  "pose": [
    "Pose(0.000, 0.000, 0.000,  -0.000, 0.000, 90.000):\n[[ 0.000, -1.000, 0.000, 0.000 ],\n [ 1.000, 0.000, 0.000, 0.000 ],\n [ 0.000, 0.000, 1.000, 0.000 ],\n [ 0.000, 0.000, 0.000, 1.000 ]]\n",
    "Pose(550.000, 1000.000, -1.000,  -0.000, 0.000, -0.000):\n[[ 1.000, 0.000, 0.000, 550.000 ],\n [ 0.000, 1.000, 0.000, 1000.000 ],\n [ 0.000, 0.000, 1.000, -1.000 ],\n [ 0.000, 0.000, 0.000, 1.000 ]]\n",
    "Pose(-470.000, -3060.000, 0.000,  -0.000, 0.000, 90.000):\n[[ 0.000, -1.000, 0.000, -470.000 ],\n [ 1.000, 0.000, 0.000, -3060.000 ],\n [ 0.000, 0.000, 1.000, 0.000 ],\n [ 0.000, 0.000, 0.000, 1.000 ]]\n",
    "Pose(1455.000, 630.000, 370.000,  0.000, -90.000, -90.000):\n[[ 0.000, 0.000, -1.000, 1455.000 ],\n [ -1.000, 0.000, -0.000, 630.000 ],\n [ 0.000, 1.000, 0.000, 370.000 ],\n [ 0.000, 0.000, 0.000, 1.000 ]]\n",
    "Pose(-3153.966, 305.000, 5.000,  -0.000, 0.000, -0.000):\n[[ 1.000, 0.000, 0.000, -3153.966 ],\n [ 0.000, 1.000, 0.000, 305.000 ],\n [ 0.000, 0.000, 1.000, 5.000 ],\n [ 0.000, 0.000, 0.000, 1.000 ]]\n",
    "Pose(1895.000, -40.000, 351.500,  0.000, 90.000, 90.000):\n[[ 0.000, -0.000, 1.000, 1895.000 ],\n [ 1.000, 0.000, -0.000, -40.000 ],\n [ 0.000, 1.000, 0.000, 351.500 ],\n [ 0.000, 0.000, 0.000, 1.000 ]]\n",
    "Pose(-3326.704, 310.000, 5.000,  -0.000, 0.000, -0.000):\n[[ 1.000, 0.000, 0.000, -3326.704 ],\n [ 0.000, 1.000, 0.000, 310.000 ],\n [ 0.000, 0.000, 1.000, 5.000 ],\n [ 0.000, 0.000, 0.000, 1.000 ]]\n",
    "Pose(0.000, 0.000, 0.000,  0.000, -0.000, -0.000):\n[[ 1.000, 0.000, -0.000, 0.000 ],\n [ -0.000, 1.000, -0.000, 0.000 ],\n [ -0.000, 0.000, 1.000, 0.000 ],\n [ 0.000, 0.000, 0.000, 1.000 ]]\n",
    "Pose(-725.000, 110.000, 990.000,  -0.000, 0.000, 90.000):\n[[ 0.000, -1.000, 0.000, -725.000 ],\n [ 1.000, 0.000, 0.000, 110.000 ],\n [ 0.000, 0.000, 1.000, 990.000 ],\n [ 0.000, 0.000, 0.000, 1.000 ]]\n",
    "Pose(51.510, 30.000, 965.000,  -0.000, -60.000, 180.000):\n[[ -0.500, -0.000, -0.866, 51.510 ],\n [ 0.000, -1.000, 0.000, 30.000 ],\n [ -0.866, 0.000, 0.500, 965.000 ],\n [ 0.000, 0.000, 0.000, 1.000 ]]\n",
    "Pose(101.510, 30.000, 1035.000,  -0.000, -60.000, 90.000):\n[[ 0.000, -0.500, -0.866, 101.510 ],\n [ 1.000, 0.000, 0.000, 30.000 ],\n [ 0.000, -0.866, 0.500, 1035.000 ],\n [ 0.000, 0.000, 0.000, 1.000 ]]\n",
    "Pose(100.510, -30.000, 1035.000,  -0.000, -60.000, 90.000):\n[[ 0.000, -0.500, -0.866, 100.510 ],\n [ 1.000, 0.000, 0.000, -30.000 ],\n [ 0.000, -0.866, 0.500, 1035.000 ],\n [ 0.000, 0.000, 0.000, 1.000 ]]\n",
    "Pose(51.510, -30.000, 965.000,  -0.000, -60.000, 180.000):\n[[ -0.500, -0.000, -0.866, 51.510 ],\n [ 0.000, -1.000, 0.000, -30.000 ],\n [ -0.866, 0.000, 0.500, 965.000 ],\n [ 0.000, 0.000, 0.000, 1.000 ]]\n"
  ],
  "parent": [
    "PedestalRobotPrensado",
    "Suelo",
    "VallaSeguridad",
    "SensorCC",
    "planxaAncha",
    "SensorCA",
    "planxaLarga",
    "SensorCL",
    "planchaAcabada",
    "tapaor",
    "planchaAncha1",
    "planchaLarga1",
    "planchaLarga2",
    "planchaAncha2"
  ]
}